	#	Name	Type 1	Type 2	Sp. Def	Speed	Total	HP	Attack	Defense	Sp. Atk	Sp. Def
0	1	Bulbasaur	Grass	Poison	65	45	844	45	49	49	65	65
1	2	Ivysaur	Grass	Poison	80	60	1075	60	62	63	80	80
2	3	Venusaur	Grass	Poison	100	80	1395	80	82	83	100	100
3	3	VenusaurMega Venusaur	Grass	Poison	120	80	1675	80	100	123	122	120
4	4	Charmander	Fire		50	65	812	39	52	43	60	50
5	5	Charmeleon	Fire		65	80	1070	58	64	58	80	65
6	6	Charizard	Fire	Flying	85	100	1417	78	84	78	109	85
7	6	CharizardMega Charizard X	Fire	Dragon	85	100	1717	78	130	111	130	85
8	6	CharizardMega Charizard Y	Fire	Flying	115	100	1687	78	104	78	159	115
9	7	Squirtle	Water		64	43	835	44	48	65	50	64
10	8	Wartortle	Water		80	58	1077	59	63	80	65	80
11	9	Blastoise	Water		105	78	1407	79	83	100	85	105
12	9	BlastoiseMega Blastoise	Water		115	78	1697	79	103	120	135	115
13	10	Caterpie	Bug		20	45	520	45	30	35	20	20
14	11	Metapod	Bug		25	30	560	50	20	55	25	25
15	12	Butterfree	Bug	Flying	80	70	1035	60	45	50	90	80
16	13	Weedle	Bug	Poison	20	50	515	40	35	30	20	20
17	14	Kakuna	Bug	Poison	25	35	555	45	25	50	25	25
18	15	Beedrill	Bug	Poison	80	75	1030	65	90	40	45	80
19	15	BeedrillMega Beedrill	Bug	Poison	80	145	1260	65	150	40	15	80
20	16	Pidgey	Normal	Flying	35	56	662	40	45	40	35	35
21	17	Pidgeotto	Normal	Flying	50	71	926	63	60	55	50	50
22	18	Pidgeot	Normal	Flying	70	101	1266	83	80	75	70	70
23	18	PidgeotMega Pidgeot	Normal	Flying	80	121	1536	83	80	80	135	80
24	19	Rattata	Normal		35	72	652	30	56	35	25	35
25	20	Raticate	Normal		70	97	1072	55	81	60	50	70
26	21	Spearow	Normal	Flying	31	70	685	40	60	30	31	31
27	22	Fearow	Normal	Flying	61	100	1165	65	90	65	61	61
28	23	Ekans	Poison		54	55	755	35	60	44	40	54
29	24	Arbok	Poison		79	80	1155	60	85	69	65	79
30	25	Pikachu	Electric		50	90	820	35	55	40	50	50
31	26	Raichu	Electric		80	110	1265	60	90	55	90	80
32	27	Sandshrew	Ground		30	40	830	50	75	85	20	30
33	28	Sandslash	Ground		55	65	1230	75	100	110	45	55
34	29	Nidoran (Female)	Poison		40	41	744	55	47	52	40	40
35	30	Nidorina	Poison		55	56	984	70	62	67	55	55
36	31	Nidoqueen	Poison	Ground	85	76	1354	90	92	87	75	85
37	32	Nidoran (Male)	Poison		40	50	729	46	57	40	40	40
38	33	Nidorino	Poison		55	65	975	61	72	57	55	55
39	34	Nidoking	Poison	Ground	75	85	1355	81	102	77	85	75
40	35	Clefairy	Fairy		65	35	869	70	45	48	60	65
41	36	Clefable	Fairy		90	60	1299	95	70	73	95	90
42	37	Vulpix	Fire		65	65	767	38	41	40	50	65
43	38	Ninetales	Fire		100	100	1315	73	76	75	81	100
44	39	Jigglypuff	Normal	Fairy	25	20	765	115	45	20	45	25
45	40	Wigglytuff	Normal	Fairy	50	45	1210	140	70	45	85	50
46	41	Zubat	Poison	Flying	40	55	640	40	45	35	30	40
47	42	Golbat	Poison	Flying	75	90	1200	75	80	70	65	75
48	43	Oddish	Grass	Poison	65	30	865	45	50	55	75	65
49	44	Gloom	Grass	Poison	75	40	1070	60	65	70	85	75
50	45	Vileplume	Grass	Poison	90	50	1330	75	80	85	110	90
51	46	Paras	Bug	Grass	55	25	775	35	70	55	45	55
52	47	Parasect	Bug	Grass	80	30	1105	60	95	80	60	80
53	48	Venonat	Bug	Poison	55	45	815	60	55	50	40	55
54	49	Venomoth	Bug	Poison	75	90	1185	70	65	60	90	75
55	50	Diglett	Ground		45	95	655	10	55	25	35	45
56	51	Dugtrio	Ground		70	120	1025	35	80	50	50	70
57	52	Meowth	Normal		40	90	740	40	45	35	40	40
58	53	Persian	Normal		65	115	1140	65	70	60	65	65
59	54	Psyduck	Water		50	55	855	50	52	48	65	50
60	55	Golduck	Water		80	85	1335	80	82	78	95	80
61	56	Mankey	Fighting		45	70	800	40	80	35	35	45
62	57	Primeape	Fighting		70	95	1200	65	105	60	60	70
63	58	Growlithe	Fire		50	60	940	55	70	45	70	50
64	59	Arcanine	Fire		80	95	1490	90	110	80	100	80
65	60	Poliwag	Water		40	90	770	40	50	40	40	40
66	61	Poliwhirl	Water		50	90	1015	65	65	65	50	50
67	62	Poliwrath	Water	Fighting	90	70	1370	90	95	95	70	90
68	63	Abra	Psychic		55	90	785	25	20	15	105	55
69	64	Kadabra	Psychic		70	105	1025	40	35	30	120	70
70	65	Alakazam	Psychic		95	120	1285	55	50	45	135	95
71	65	AlakazamMega Alakazam	Psychic		95	150	1525	55	50	65	175	95
72	66	Machop	Fighting		35	35	845	70	80	50	35	35
73	67	Machoke	Fighting		60	45	1110	80	100	70	50	60
74	68	Machamp	Fighting		85	55	1375	90	130	80	65	85
75	69	Bellsprout	Grass	Poison	30	40	830	50	75	35	70	30
76	70	Weepinbell	Grass	Poison	45	55	1070	65	90	50	85	45
77	71	Victreebel	Grass	Poison	70	70	1330	80	105	65	100	70
78	72	Tentacool	Water	Poison	100	70	835	40	40	35	50	100
79	73	Tentacruel	Water	Poison	120	100	1325	80	70	65	80	120
80	74	Geodude	Rock	Ground	30	20	850	40	80	100	30	30
81	75	Graveler	Rock	Ground	45	35	1090	55	95	115	45	45
82	76	Golem	Rock	Ground	65	45	1375	80	120	130	55	65
83	77	Ponyta	Fire		65	90	1075	50	85	55	65	65
84	78	Rapidash	Fire		80	105	1315	65	100	70	80	80
85	79	Slowpoke	Water	Psychic	40	15	890	90	65	65	40	40
86	80	Slowbro	Water	Psychic	80	30	1360	95	75	110	100	80
87	80	SlowbroMega Slowbro	Water	Psychic	80	30	1660	95	75	180	130	80
88	81	Magnemite	Electric	Steel	55	45	875	25	35	70	95	55
89	82	Magneton	Electric	Steel	70	70	1255	50	60	95	120	70
90	83	Farfetch'd	Normal	Flying	62	60	934	52	65	55	58	62
91	84	Doduo	Normal	Flying	35	75	820	35	85	45	35	35
92	85	Dodrio	Normal	Flying	60	100	1220	60	110	70	60	60
93	86	Seel	Water		70	45	860	65	45	55	45	70
94	87	Dewgong	Water	Ice	95	70	1260	90	70	80	70	95
95	88	Grimer	Poison		50	25	900	80	80	50	40	50
96	89	Muk	Poison		100	50	1350	105	105	75	65	100
97	90	Shellder	Water		25	40	850	30	65	100	45	25
98	91	Cloyster	Water	Ice	45	70	1460	50	95	180	85	45
99	92	Gastly	Ghost	Poison	35	80	815	30	35	30	100	35
100	93	Haunter	Ghost	Poison	55	95	1065	45	50	45	115	55
101	94	Gengar	Ghost	Poison	75	110	1315	60	65	60	130	75
102	94	GengarMega Gengar	Ghost	Poison	95	130	1575	60	65	80	170	95
103	95	Onix	Rock	Ground	45	70	1040	35	45	160	30	45
104	96	Drowzee	Psychic		90	42	852	60	48	45	43	90
105	97	Hypno	Psychic		115	67	1267	85	73	70	73	115
106	98	Krabby	Water		25	50	900	30	105	90	25	25
107	99	Kingler	Water		50	75	1300	55	130	115	50	50
108	100	Voltorb	Electric		55	100	835	40	30	50	55	55
109	101	Electrode	Electric		80	140	1220	60	50	70	80	80
110	102	Exeggcute	Grass	Psychic	45	40	890	60	40	80	60	45
111	103	Exeggutor	Grass	Psychic	65	55	1440	95	95	85	125	65
112	104	Cubone	Ground		50	35	875	50	50	95	40	50
113	105	Marowak	Ground		80	45	1150	60	80	110	50	80
114	106	Hitmonlee	Fighting		110	87	1168	50	120	53	35	110
115	107	Hitmonchan	Fighting		110	76	1179	50	105	79	35	110
116	108	Lickitung	Normal		75	30	1050	90	55	75	60	75
117	109	Koffing	Poison		45	35	940	40	65	95	60	45
118	110	Weezing	Poison		70	60	1340	65	90	120	85	70
119	111	Rhyhorn	Ground	Rock	30	25	980	80	85	95	30	30
120	112	Rhydon	Ground	Rock	45	40	1370	105	130	120	45	45
121	113	Chansey	Normal		105	50	1195	250	5	5	35	105
122	114	Tangela	Grass		40	60	1205	65	55	115	100	40
123	115	Kangaskhan	Normal		80	90	1300	105	95	80	40	80
124	115	KangaskhanMega Kangaskhan	Normal		100	100	1570	105	125	100	60	100
125	116	Horsea	Water		25	60	800	30	40	70	70	25
126	117	Seadra	Water		45	85	1190	55	65	95	95	45
127	118	Goldeen	Water		50	63	847	45	67	60	35	50
128	119	Seaking	Water		80	68	1202	80	92	65	65	80
129	120	Staryu	Water		55	85	880	30	45	55	70	55
130	121	Starmie	Water	Psychic	85	115	1360	60	75	85	100	85
131	122	Mr. Mime	Psychic	Fairy	120	90	1170	40	45	65	100	120
132	123	Scyther	Bug	Flying	80	105	1315	70	110	80	55	80
133	124	Jynx	Ice	Psychic	95	95	1175	65	50	35	115	95
134	125	Electabuzz	Electric		85	105	1280	65	83	57	95	85
135	126	Magmar	Fire		85	93	1307	65	95	57	100	85
136	127	Pinsir	Bug		70	85	1345	65	125	100	55	70
137	127	PinsirMega Pinsir	Bug	Flying	90	105	1605	65	155	120	65	90
138	128	Tauros	Normal		70	110	1290	75	100	95	40	70
139	129	Magikarp	Water		20	80	500	20	10	55	15	20
140	130	Gyarados	Water	Flying	100	81	1439	95	125	79	60	100
141	130	GyaradosMega Gyarados	Water	Dark	130	81	1709	95	155	109	70	130
142	131	Lapras	Water	Ice	95	60	1450	130	85	80	85	95
143	132	Ditto	Normal		48	48	768	48	48	48	48	48
144	133	Eevee	Normal		65	55	855	55	55	50	45	65
145	134	Vaporeon	Water		95	65	1415	130	65	60	110	95
146	135	Jolteon	Electric		95	130	1350	65	65	60	110	95
147	136	Flareon	Fire		110	65	1400	65	130	60	95	110
148	137	Porygon	Normal		75	40	1070	65	60	70	85	75
149	138	Omanyte	Rock	Water	55	35	975	35	40	100	90	55
150	139	Omastar	Rock	Water	70	55	1360	70	60	125	115	70
151	140	Kabuto	Rock	Water	45	55	965	30	80	90	55	45
152	141	Kabutops	Rock	Water	70	80	1335	60	115	105	65	70
153	142	Aerodactyl	Rock	Flying	75	130	1340	80	105	65	60	75
154	142	AerodactylMega Aerodactyl	Rock	Flying	95	150	1600	80	135	85	70	95
155	143	Snorlax	Normal		110	30	1480	160	110	65	65	110
156	144	Articuno	Ice	Flying	125	85	1530	90	85	100	95	125
157	145	Zapdos	Electric	Flying	90	100	1550	90	90	85	125	90
158	146	Moltres	Fire	Flying	85	90	1565	90	100	90	125	85
159	147	Dratini	Dragon		50	50	800	41	64	45	50	50
160	148	Dragonair	Dragon		70	70	1120	61	84	65	70	70
161	149	Dragonite	Dragon	Flying	100	80	1620	91	134	95	100	100
162	150	Mewtwo	Psychic		90	130	1820	106	110	90	154	90
163	150	MewtwoMega Mewtwo X	Psychic	Fighting	100	130	2110	106	190	100	154	100
164	150	MewtwoMega Mewtwo Y	Psychic		120	140	2080	106	150	70	194	120
165	151	Mew	Psychic		100	100	1600	100	100	100	100	100
166	152	Chikorita	Grass		65	45	844	45	49	65	49	65
167	153	Bayleef	Grass		80	60	1075	60	62	80	63	80
168	154	Meganium	Grass		100	80	1395	80	82	100	83	100
169	155	Cyndaquil	Fire		50	65	812	39	52	43	60	50
170	156	Quilava	Fire		65	80	1070	58	64	58	80	65
171	157	Typhlosion	Fire		85	100	1417	78	84	78	109	85
172	158	Totodile	Water		48	43	851	50	65	64	44	48
173	159	Croconaw	Water		63	58	1094	65	80	80	59	63
174	160	Feraligatr	Water		83	78	1429	85	105	100	79	83
175	161	Sentret	Normal		45	20	580	35	46	34	35	45
176	162	Furret	Normal		55	90	1100	85	76	64	45	55
177	163	Hoothoot	Normal	Flying	56	50	680	60	30	30	36	56
178	164	Noctowl	Normal	Flying	96	70	1160	100	50	50	76	96
179	165	Ledyba	Bug	Flying	80	55	660	40	20	30	40	80
180	166	Ledian	Bug	Flying	110	85	975	55	35	50	55	110
181	167	Spinarak	Bug	Poison	40	30	680	40	60	40	40	40
182	168	Ariados	Bug	Poison	60	40	1070	70	90	70	60	60
183	169	Crobat	Poison	Flying	80	130	1395	85	90	80	70	80
184	170	Chinchou	Water	Electric	56	67	867	75	38	38	56	56
185	171	Lanturn	Water	Electric	76	67	1237	125	58	58	76	76
186	172	Pichu	Electric		35	60	520	20	40	15	35	35
187	173	Cleffa	Fairy		55	15	584	50	25	28	45	55
188	174	Igglybuff	Normal	Fairy	20	15	595	90	30	15	40	20
189	175	Togepi	Fairy		65	20	650	35	20	65	40	65
190	176	Togetic	Fairy	Flying	105	40	1070	55	40	85	80	105
191	177	Natu	Psychic	Flying	45	70	845	40	50	45	70	45
192	178	Xatu	Psychic	Flying	70	95	1245	65	75	70	95	70
193	179	Mareep	Electric		45	35	760	55	40	40	65	45
194	180	Flaaffy	Electric		60	45	990	70	55	55	80	60
195	181	Ampharos	Electric		90	55	1385	90	75	85	115	90
196	181	AmpharosMega Ampharos	Electric	Dragon	110	45	1675	90	95	105	165	110
197	182	Bellossom	Grass		100	50	1320	75	80	95	90	100
198	183	Marill	Water	Fairy	50	40	660	70	20	50	20	50
199	184	Azumarill	Water	Fairy	80	50	1130	100	50	80	60	80
200	185	Sudowoodo	Rock		65	30	1135	70	100	115	30	65
201	186	Politoed	Water		100	70	1330	90	75	75	90	100
202	187	Hoppip	Grass	Flying	55	50	645	35	35	40	35	55
203	188	Skiploom	Grass	Flying	65	80	875	55	45	50	45	65
204	189	Jumpluff	Grass	Flying	95	110	1175	75	55	70	55	95
205	190	Aipom	Normal		55	85	940	55	70	55	40	55
206	191	Sunkern	Grass		30	30	480	30	30	30	30	30
207	192	Sunflora	Grass		85	30	1160	75	75	55	105	85
208	193	Yanma	Bug	Flying	45	95	1030	65	65	45	75	45
209	194	Wooper	Water	Ground	25	15	590	55	45	45	25	25
210	195	Quagsire	Water	Ground	65	35	1190	95	85	85	65	65
211	196	Espeon	Psychic		95	110	1370	65	65	60	130	95
212	197	Umbreon	Dark		130	65	1380	95	65	110	60	130
213	198	Murkrow	Dark	Flying	42	91	1082	60	85	42	85	42
214	199	Slowking	Water	Psychic	110	30	1330	95	75	80	100	110
215	200	Misdreavus	Ghost		85	85	1135	60	60	60	85	85
216	201	Unown	Psychic		48	48	912	48	72	48	72	48
217	202	Wobbuffet	Psychic		58	33	1124	190	33	58	33	58
218	203	Girafarig	Normal	Psychic	65	85	1215	70	80	65	90	65
219	204	Pineco	Bug		35	15	820	50	65	90	35	35
220	205	Forretress	Bug	Steel	60	40	1295	75	90	140	60	60
221	206	Dunsparce	Normal		65	45	1135	100	70	70	65	65
222	207	Gligar	Ground	Flying	65	85	1140	65	75	105	35	65
223	208	Steelix	Steel	Ground	65	30	1435	75	85	200	55	65
224	208	SteelixMega Steelix	Steel	Ground	95	30	1705	75	125	230	55	95
225	209	Snubbull	Fairy		40	30	830	60	80	50	40	40
226	210	Granbull	Fairy		60	45	1245	90	120	75	60	60
227	211	Qwilfish	Water	Poison	55	85	1150	65	95	75	55	55
228	212	Scizor	Bug	Steel	80	65	1355	70	130	100	55	80
229	212	ScizorMega Scizor	Bug	Steel	100	75	1625	70	150	140	65	100
230	213	Shuckle	Bug	Rock	230	5	1280	20	10	230	10	230
231	214	Heracross	Bug	Fighting	95	85	1320	80	125	75	40	95
232	214	HeracrossMega Heracross	Bug	Fighting	105	75	1620	80	185	115	40	105
233	215	Sneasel	Dark	Ice	75	115	1100	55	95	55	35	75
234	216	Teddiursa	Normal		50	40	900	60	80	50	50	50
235	217	Ursaring	Normal		75	55	1370	90	130	75	75	75
236	218	Slugma	Fire		40	20	690	40	40	40	70	40
237	219	Magcargo	Fire	Rock	80	30	1120	50	50	120	80	80
238	220	Swinub	Ice	Ground	30	50	670	50	50	40	30	30
239	221	Piloswine	Ice	Ground	60	50	1240	100	100	80	60	60
240	222	Corsola	Water	Rock	85	35	1020	55	55	85	65	85
241	223	Remoraid	Water		35	65	800	35	65	35	65	35
242	224	Octillery	Water		75	45	1320	75	105	75	105	75
243	225	Delibird	Ice	Flying	45	75	870	45	55	45	65	45
244	226	Mantine	Water	Flying	140	70	1185	65	40	70	80	140
245	227	Skarmory	Steel	Flying	70	70	1255	65	80	140	40	70
246	228	Houndour	Dark	Fire	50	65	875	45	60	30	80	50
247	229	Houndoom	Dark	Fire	80	95	1325	75	90	50	110	80
248	229	HoundoomMega Houndoom	Dark	Fire	90	115	1595	75	90	90	140	90
249	230	Kingdra	Water	Dragon	95	85	1440	75	95	95	95	95
250	231	Phanpy	Ground		40	40	910	90	60	60	40	40
251	232	Donphan	Ground		60	50	1390	90	120	120	60	60
252	233	Porygon2	Normal		95	60	1390	85	80	90	105	95
253	234	Stantler	Normal		65	85	1245	73	95	62	85	65
254	235	Smeargle	Normal		45	75	630	55	20	35	20	45
255	236	Tyrogue	Fighting		35	35	560	35	35	35	35	35
256	237	Hitmontop	Fighting		110	70	1185	50	95	95	35	110
257	238	Smoochum	Ice	Psychic	65	65	785	45	30	15	85	65
258	239	Elekid	Electric		55	95	930	45	63	37	65	55
259	240	Magby	Fire		55	83	957	45	75	37	70	55
260	241	Miltank	Normal		70	100	1300	95	80	105	40	70
261	242	Blissey	Normal		135	55	1430	255	10	10	75	135
262	243	Raikou	Electric		100	115	1525	90	85	75	115	100
263	244	Entei	Fire		75	100	1565	115	115	85	90	75
264	245	Suicune	Water		115	85	1540	100	75	115	90	115
265	246	Larvitar	Rock	Ground	50	41	809	50	64	50	45	50
266	247	Pupitar	Rock	Ground	70	51	1109	70	84	70	65	70
267	248	Tyranitar	Rock	Dark	100	61	1639	100	134	110	95	100
268	248	TyranitarMega Tyranitar	Rock	Dark	120	71	1909	100	164	150	95	120
269	249	Lugia	Psychic	Flying	154	110	1776	106	90	130	90	154
270	250	Ho-oh	Fire	Flying	154	90	1796	106	130	90	110	154
271	251	Celebi	Psychic	Grass	100	100	1600	100	100	100	100	100
272	252	Treecko	Grass		55	70	805	40	45	35	65	55
273	253	Grovyle	Grass		65	95	1055	50	65	45	85	65
274	254	Sceptile	Grass		85	120	1385	70	85	65	105	85
275	254	SceptileMega Sceptile	Grass	Dragon	85	145	1660	70	110	75	145	85
276	255	Torchic	Fire		50	45	835	45	60	40	70	50
277	256	Combusken	Fire	Fighting	60	55	1100	60	85	60	85	60
278	257	Blaziken	Fire	Fighting	70	80	1440	80	120	70	110	70
279	257	BlazikenMega Blaziken	Fire	Fighting	80	100	1710	80	160	80	130	80
280	258	Mudkip	Water		50	40	840	50	70	50	50	50
281	259	Marshtomp	Water	Ground	70	50	1095	70	85	70	60	70
282	260	Swampert	Water	Ground	90	60	1455	100	110	90	85	90
283	260	SwampertMega Swampert	Water	Ground	110	70	1725	100	150	110	95	110
284	261	Poochyena	Dark		30	35	595	35	55	35	30	30
285	262	Mightyena	Dark		60	70	1130	70	90	70	60	60
286	263	Zigzagoon	Normal		41	60	619	38	30	41	30	41
287	264	Linoone	Normal		61	100	1099	78	70	61	50	61
288	265	Wurmple	Bug		30	20	535	45	45	35	20	30
289	266	Silcoon	Bug		25	15	575	50	35	55	25	25
290	267	Beautifly	Bug	Flying	50	65	1070	60	70	50	100	50
291	268	Cascoon	Bug		25	15	575	50	35	55	25	25
292	269	Dustox	Bug	Poison	90	65	1000	60	50	70	50	90
293	270	Lotad	Water	Grass	50	30	580	40	30	30	40	50
294	271	Lombre	Water	Grass	70	50	900	60	50	50	60	70
295	272	Ludicolo	Water	Grass	100	70	1270	80	70	70	90	100
296	273	Seedot	Grass		30	30	600	40	40	50	30	30
297	274	Nuzleaf	Grass	Dark	40	60	920	70	70	40	60	40
298	275	Shiftry	Grass	Dark	60	80	1300	90	100	60	90	60
299	276	Taillow	Normal	Flying	30	85	695	40	55	30	30	30
300	277	Swellow	Normal	Flying	50	125	1115	60	85	60	50	50
301	278	Wingull	Water	Flying	30	85	695	40	30	30	55	30
302	279	Pelipper	Water	Flying	70	65	1155	60	50	100	85	70
303	280	Ralts	Psychic	Fairy	35	40	519	28	25	25	45	35
304	281	Kirlia	Psychic	Fairy	55	50	729	38	35	35	65	55
305	282	Gardevoir	Psychic	Fairy	115	80	1359	68	65	65	125	115
306	282	GardevoirMega Gardevoir	Psychic	Fairy	135	100	1619	68	85	65	165	135
307	283	Surskit	Bug	Water	52	65	690	40	30	32	50	52
308	284	Masquerain	Bug	Flying	82	60	1100	70	60	62	80	82
309	285	Shroomish	Grass		60	35	790	60	40	60	40	60
310	286	Breloom	Grass	Fighting	60	70	1250	60	130	80	60	60
311	287	Slakoth	Normal		35	30	775	60	60	60	35	35
312	288	Vigoroth	Normal		55	90	1175	80	80	80	55	55
313	289	Slaking	Normal		65	100	1845	150	160	100	95	65
314	290	Nincada	Bug	Ground	30	40	728	31	45	90	30	30
315	291	Ninjask	Bug	Flying	50	160	1158	61	90	45	50	50
316	292	Shedinja	Bug	Ghost	30	40	638	1	90	45	30	30
317	293	Whismur	Normal		23	28	669	64	51	23	51	23
318	294	Loudred	Normal		43	48	989	84	71	43	71	43
319	295	Exploud	Normal		73	68	1329	104	91	63	91	73
320	296	Makuhita	Fighting		30	25	656	72	60	30	20	30
321	297	Hariyama	Fighting		60	50	1312	144	120	60	40	60
322	298	Azurill	Normal	Fairy	40	20	510	50	20	40	20	40
323	299	Nosepass	Rock		90	30	1005	30	45	135	45	90
324	300	Skitty	Normal		35	50	695	50	45	45	35	35
325	301	Delcatty	Normal		55	70	1015	70	65	65	55	55
326	302	Sableye	Dark	Ghost	65	50	1025	50	75	75	65	65
327	302	SableyeMega Sableye	Dark	Ghost	115	20	1305	50	85	125	85	115
328	303	Mawile	Steel	Fairy	55	50	1035	50	85	85	55	55
329	303	MawileMega Mawile	Steel	Fairy	95	50	1295	50	105	125	55	95
330	304	Aron	Steel	Rock	40	30	920	50	70	100	40	40
331	305	Lairon	Steel	Rock	50	40	1200	60	90	140	50	50
332	306	Aggron	Steel	Rock	60	50	1480	70	110	180	60	60
333	306	AggronMega Aggron	Steel		80	50	1760	70	140	230	60	80
334	307	Meditite	Fighting	Psychic	55	60	725	30	40	55	40	55
335	308	Medicham	Fighting	Psychic	75	80	1075	60	60	75	60	75
336	308	MedichamMega Medicham	Fighting	Psychic	85	100	1345	60	100	85	80	85
337	309	Electrike	Electric		40	65	780	40	45	40	65	40
338	310	Manectric	Electric		60	105	1260	70	75	60	105	60
339	310	ManectricMega Manectric	Electric		80	135	1510	70	75	80	135	80
340	311	Plusle	Electric		75	95	1045	60	50	40	85	75
341	312	Minun	Electric		85	95	1035	60	40	50	75	85
342	313	Volbeat	Bug		75	85	1040	65	73	55	47	75
343	314	Illumise	Bug		75	85	1040	65	47	55	73	75
344	315	Roselia	Grass	Poison	80	65	1055	50	60	45	100	80
345	316	Gulpin	Poison		53	40	813	70	43	53	43	53
346	317	Swalot	Poison		83	55	1263	100	73	83	73	83
347	318	Carvanha	Water	Dark	20	65	830	45	90	20	65	20
348	319	Sharpedo	Water	Dark	40	95	1245	70	120	40	95	40
349	319	SharpedoMega Sharpedo	Water	Dark	65	105	1510	70	140	70	110	65
350	320	Wailmer	Water		35	60	1105	130	70	35	70	35
351	321	Wailord	Water		45	60	1395	170	90	45	90	45
352	322	Numel	Fire	Ground	45	35	835	60	60	40	65	45
353	323	Camerupt	Fire	Ground	75	40	1265	70	100	70	105	75
354	323	CameruptMega Camerupt	Fire	Ground	105	20	1555	70	120	100	145	105
355	324	Torkoal	Fire		70	20	1320	70	85	140	85	70
356	325	Spoink	Psychic		80	60	850	60	25	35	70	80
357	326	Grumpig	Psychic		110	80	1220	80	45	65	90	110
358	327	Spinda	Normal		60	60	960	60	60	60	60	60
359	328	Trapinch	Ground		45	10	815	45	100	45	45	45
360	329	Vibrava	Ground	Dragon	50	70	900	50	70	50	50	50
361	330	Flygon	Ground	Dragon	80	100	1380	80	100	80	80	80
362	331	Cacnea	Grass		40	35	930	50	85	40	85	40
363	332	Cacturne	Grass	Dark	60	55	1310	70	115	60	115	60
364	333	Swablu	Normal	Flying	75	50	805	45	40	60	40	75
365	334	Altaria	Dragon	Flying	105	80	1285	75	70	90	70	105
366	334	AltariaMega Altaria	Dragon	Fairy	105	80	1585	75	110	110	110	105
367	335	Zangoose	Normal		60	90	1224	73	115	60	60	60
368	336	Seviper	Poison		60	65	1249	73	100	60	100	60
369	337	Lunatone	Rock	Psychic	85	70	1165	70	55	65	95	85
370	338	Solrock	Rock	Psychic	65	70	1185	70	95	85	55	65
371	339	Barboach	Water	Ground	41	60	763	50	48	43	46	41
372	340	Whiscash	Water	Ground	71	60	1273	110	78	73	76	71
373	341	Corphish	Water		35	35	854	43	80	65	50	35
374	342	Crawdaunt	Water	Dark	55	55	1294	63	120	85	90	55
375	343	Baltoy	Ground	Psychic	70	55	775	40	40	55	40	70
376	344	Claydol	Ground	Psychic	120	75	1305	60	70	105	70	120
377	345	Lileep	Rock	Grass	87	23	955	66	41	77	61	87
378	346	Cradily	Rock	Grass	107	43	1335	86	81	97	81	107
379	347	Anorith	Rock	Bug	50	75	940	45	95	50	40	50
380	348	Armaldo	Rock	Bug	80	45	1360	75	125	100	70	80
381	349	Feebas	Water		55	80	465	20	15	20	10	55
382	350	Milotic	Water		125	81	1414	95	60	79	100	125
383	351	Castform	Normal		70	70	1120	70	70	70	70	70
384	352	Kecleon	Normal		120	40	1160	60	90	70	60	120
385	353	Shuppet	Ghost		33	45	807	44	75	35	63	33
386	354	Banette	Ghost		63	65	1237	64	115	65	83	63
387	354	BanetteMega Banette	Ghost		83	75	1507	64	165	75	93	83
388	355	Duskull	Ghost		90	25	770	20	40	90	30	90
389	356	Dusclops	Ghost		130	25	1210	40	70	130	60	130
390	357	Tropius	Grass	Flying	87	51	1242	99	68	83	72	87
391	358	Chimecho	Psychic		80	65	1130	65	50	70	95	80
392	359	Absol	Dark		60	75	1260	65	130	60	75	60
393	359	AbsolMega Absol	Dark		60	115	1520	65	150	60	115	60
394	360	Wynaut	Psychic		48	23	709	95	23	48	23	48
395	361	Snorunt	Ice		50	50	800	50	50	50	50	50
396	362	Glalie	Ice		80	80	1280	80	80	80	80	80
397	362	GlalieMega Glalie	Ice		80	100	1560	80	120	80	120	80
398	363	Spheal	Ice	Water	50	25	795	70	40	50	55	50
399	364	Sealeo	Ice	Water	70	45	1115	90	60	70	75	70
400	365	Walrein	Ice	Water	90	65	1435	110	80	90	95	90
401	366	Clamperl	Water		55	32	948	35	64	85	74	55
402	367	Huntail	Water		75	52	1328	55	104	105	94	75
403	368	Gorebyss	Water		75	52	1328	55	84	105	114	75
404	369	Relicanth	Water	Rock	65	55	1335	100	90	130	45	65
405	370	Luvdisc	Water		65	97	828	43	30	55	40	65
406	371	Bagon	Dragon		30	50	820	45	75	60	40	30
407	372	Shelgon	Dragon		50	50	1160	65	95	100	60	50
408	373	Salamence	Dragon	Flying	80	100	1620	95	135	80	110	80
409	373	SalamenceMega Salamence	Dragon	Flying	90	120	1890	95	145	130	120	90
410	374	Beldum	Steel	Psychic	60	30	810	40	55	80	35	60
411	375	Metang	Steel	Psychic	80	50	1130	60	75	100	55	80
412	376	Metagross	Steel	Psychic	90	70	1640	80	135	130	95	90
413	376	MetagrossMega Metagross	Steel	Psychic	110	110	1880	80	145	150	105	110
414	377	Regirock	Rock		100	50	1590	80	100	200	50	100
415	378	Regice	Ice		200	50	1490	80	50	100	100	200
416	379	Registeel	Steel		150	50	1540	80	75	150	75	150
417	380	Latias	Dragon	Psychic	130	110	1560	80	80	90	110	130
418	380	LatiasMega Latias	Dragon	Psychic	150	110	1840	80	100	120	140	150
419	381	Latios	Dragon	Psychic	110	110	1580	80	90	80	130	110
420	381	LatiosMega Latios	Dragon	Psychic	120	110	1870	80	130	100	160	120
421	382	Kyogre	Water		140	90	1780	100	100	90	150	140
422	382	KyogrePrimal Kyogre	Water		160	90	2060	100	150	90	180	160
423	383	Groudon	Ground		90	90	1830	100	150	140	100	90
424	383	GroudonPrimal Groudon	Ground	Fire	90	90	2130	100	180	160	150	90
425	384	Rayquaza	Dragon	Flying	90	95	1855	105	150	90	150	90
426	384	RayquazaMega Rayquaza	Dragon	Flying	100	115	2125	105	180	100	180	100
427	385	Jirachi	Steel	Psychic	100	100	1600	100	100	100	100	100
428	386	DeoxysNormal Forme	Psychic		50	150	1600	50	150	50	150	50
429	386	DeoxysAttack Forme	Psychic		20	150	1630	50	180	20	180	20
430	386	DeoxysDefense Forme	Psychic		160	90	1550	50	70	160	70	160
431	386	DeoxysSpeed Forme	Psychic		90	180	1530	50	95	90	95	90
432	387	Turtwig	Grass		55	31	868	55	68	64	45	55
433	388	Grotle	Grass		65	36	1114	75	89	85	55	65
434	389	Torterra	Grass	Ground	85	56	1434	95	109	105	75	85
435	390	Chimchar	Fire		44	61	822	44	58	44	58	44
436	391	Monferno	Fire	Fighting	52	81	1082	64	78	52	78	52
437	392	Infernape	Fire	Fighting	71	108	1423	76	104	71	104	71
438	393	Piplup	Water		56	40	846	53	51	53	61	56
439	394	Prinplup	Water		76	50	1089	64	66	68	81	76
440	395	Empoleon	Water	Steel	101	60	1429	84	86	88	111	101
441	396	Starly	Normal	Flying	30	60	645	40	55	30	30	30
442	397	Staravia	Normal	Flying	40	80	900	55	75	50	40	40
443	398	Staraptor	Normal	Flying	60	100	1295	85	120	70	50	60
444	399	Bidoof	Normal		40	31	679	59	45	40	35	40
445	400	Bibarel	Normal	Water	60	71	1099	79	85	60	55	60
446	401	Kricketot	Bug		41	25	516	37	25	41	25	41
447	402	Kricketune	Bug		51	65	1036	77	85	51	55	51
448	403	Shinx	Electric		34	45	710	45	65	34	40	34
449	404	Luxio	Electric		49	60	980	60	85	49	60	49
450	405	Luxray	Electric		79	70	1420	80	120	79	95	79
451	406	Budew	Grass	Poison	70	55	715	40	30	35	50	70
452	407	Roserade	Grass	Poison	105	90	1350	60	70	65	125	105
453	408	Cranidos	Rock		30	58	962	67	125	40	30	30
454	409	Rampardos	Rock		50	58	1377	97	165	60	65	50
455	410	Shieldon	Rock	Steel	88	30	932	30	42	118	42	88
456	411	Bastiodon	Rock	Steel	138	30	1317	60	52	168	47	138
457	412	Burmy	Bug		45	36	591	40	29	45	29	45
458	413	WormadamPlant Cloak	Bug	Grass	105	36	1131	60	59	85	79	105
459	413	WormadamSandy Cloak	Bug	Ground	85	36	1151	60	79	105	59	85
460	413	WormadamTrash Cloak	Bug	Steel	95	36	1141	60	69	95	69	95
461	414	Mothim	Bug	Flying	50	66	1156	70	94	50	94	50
462	415	Combee	Bug	Flying	42	70	620	30	30	42	30	42
463	416	Vespiquen	Bug	Flying	102	40	1280	70	80	102	80	102
464	417	Pachirisu	Electric		90	95	1030	60	45	70	45	90
465	418	Buizel	Water		30	85	875	55	65	35	60	30
466	419	Floatzel	Water		50	115	1320	85	105	55	85	50
467	420	Cherubi	Grass		53	35	737	45	35	45	62	53
468	421	Cherrim	Grass		78	85	1187	70	60	70	87	78
469	422	Shellos	Water		62	34	879	76	48	48	57	62
470	423	Gastrodon	Water	Ground	82	39	1304	111	83	68	92	82
471	424	Ambipom	Normal		66	115	1265	75	100	66	60	66
472	425	Drifloon	Ghost	Flying	44	70	930	90	50	34	60	44
473	426	Drifblim	Ghost	Flying	54	80	1360	150	80	44	90	54
474	427	Buneary	Normal		56	85	909	55	66	44	44	56
475	428	Lopunny	Normal		96	105	1239	65	76	84	54	96
476	428	LopunnyMega Lopunny	Normal	Fighting	96	135	1509	65	136	94	54	96
477	429	Mismagius	Ghost		105	105	1275	60	60	60	105	105
478	430	Honchkrow	Dark	Flying	52	71	1392	100	125	52	105	52
479	431	Glameow	Normal		37	85	808	49	55	42	42	37
480	432	Purugly	Normal		59	112	1185	71	82	64	64	59
481	433	Chingling	Psychic		50	45	760	45	30	50	65	50
482	434	Stunky	Poison	Dark	41	74	872	63	63	47	41	41
483	435	Skuntank	Poison	Dark	61	84	1292	103	93	67	71	61
484	436	Bronzor	Steel	Psychic	86	23	791	57	24	86	24	86
485	437	Bronzong	Steel	Psychic	116	33	1351	67	89	116	79	116
486	438	Bonsly	Rock		45	10	815	50	80	95	10	45
487	439	Mime Jr.	Psychic	Fairy	90	60	780	20	25	45	70	90
488	440	Happiny	Normal		65	30	565	100	5	5	15	65
489	441	Chatot	Normal	Flying	42	91	1100	76	65	45	92	42
490	442	Spiritomb	Ghost	Dark	108	35	1312	50	92	108	92	108
491	443	Gible	Dragon	Ground	45	42	813	58	70	45	40	45
492	444	Gabite	Dragon	Ground	55	82	1093	68	90	65	50	55
493	445	Garchomp	Dragon	Ground	85	102	1613	108	130	95	80	85
494	445	GarchompMega Garchomp	Dragon	Ground	95	92	1913	108	170	115	120	95
495	446	Munchlax	Normal		85	5	1080	135	85	40	40	85
496	447	Riolu	Fighting		40	60	755	40	70	40	35	40
497	448	Lucario	Fighting	Steel	70	90	1415	70	110	70	115	70
498	448	LucarioMega Lucario	Fighting	Steel	70	112	1693	70	145	88	140	70
499	449	Hippopotas	Ground		42	32	916	68	72	78	38	42
500	450	Hippowdon	Ground		72	47	1456	108	112	118	68	72
501	451	Skorupi	Poison	Bug	55	65	870	40	50	90	30	55
502	452	Drapion	Poison	Dark	75	95	1330	70	90	110	60	75
503	453	Croagunk	Poison	Fighting	40	50	810	48	61	40	61	40
504	454	Toxicroak	Poison	Fighting	65	85	1320	83	106	65	86	65
505	455	Carnivine	Grass		72	46	1244	74	100	72	90	72
506	456	Finneon	Water		61	66	863	49	49	56	49	61
507	457	Lumineon	Water		86	91	1203	69	69	76	69	86
508	458	Mantyke	Water	Flying	120	50	865	45	20	50	60	120
509	459	Snover	Grass	Ice	60	40	902	60	62	50	62	60
510	460	Abomasnow	Grass	Ice	85	60	1337	90	92	75	92	85
511	460	AbomasnowMega Abomasnow	Grass	Ice	105	30	1647	90	132	105	132	105
512	461	Weavile	Dark	Ice	85	125	1320	70	120	65	45	85
513	462	Magnezone	Electric	Steel	90	60	1455	70	70	115	130	90
514	463	Lickilicky	Normal		95	50	1400	110	85	95	80	95
515	464	Rhyperior	Ground	Rock	55	40	1510	115	140	130	55	55
516	465	Tangrowth	Grass		50	50	1505	100	100	125	110	50
517	466	Electivire	Electric		85	95	1440	75	123	67	95	85
518	467	Magmortar	Fire		95	83	1442	75	95	67	125	95
519	468	Togekiss	Fairy	Flying	115	80	1440	85	50	95	120	115
520	469	Yanmega	Bug	Flying	56	95	1394	86	76	86	116	56
521	470	Leafeon	Grass		65	95	1415	65	110	130	60	65
522	471	Glaceon	Ice		95	65	1415	65	60	110	130	95
523	472	Gliscor	Ground	Flying	75	95	1360	75	95	125	45	75
524	473	Mamoswine	Ice	Ground	60	80	1450	110	130	80	70	60
525	474	Porygon-Z	Normal		75	90	1440	85	80	70	135	75
526	475	Gallade	Psychic	Fighting	115	80	1359	68	125	65	65	115
527	475	GalladeMega Gallade	Psychic	Fighting	115	110	1629	68	165	95	65	115
528	476	Probopass	Rock	Steel	150	40	1385	60	55	145	75	150
529	477	Dusknoir	Ghost		135	45	1395	45	100	135	65	135
530	478	Froslass	Ice	Ghost	70	110	1260	70	80	70	80	70
531	479	Rotom	Electric	Ghost	77	91	1152	50	50	77	95	77
532	479	RotomHeat Rotom	Electric	Fire	107	86	1367	50	65	107	105	107
533	479	RotomWash Rotom	Electric	Water	107	86	1367	50	65	107	105	107
534	479	RotomFrost Rotom	Electric	Ice	107	86	1367	50	65	107	105	107
535	479	RotomFan Rotom	Electric	Flying	107	86	1367	50	65	107	105	107
536	479	RotomMow Rotom	Electric	Grass	107	86	1367	50	65	107	105	107
537	480	Uxie	Psychic		130	95	1515	75	75	130	75	130
538	481	Mesprit	Psychic		105	80	1555	80	105	105	105	105
539	482	Azelf	Psychic		70	115	1555	75	125	70	125	70
540	483	Dialga	Steel	Dragon	100	90	1850	100	120	120	150	100
541	484	Palkia	Water	Dragon	120	100	1820	90	120	100	150	120
542	485	Heatran	Fire	Steel	106	77	1617	91	90	106	130	106
543	486	Regigigas	Normal		110	100	1800	110	160	110	80	110
544	487	GiratinaAltered Forme	Ghost	Dragon	120	90	1830	150	100	120	100	120
545	487	GiratinaOrigin Forme	Ghost	Dragon	100	90	1850	150	120	100	120	100
546	488	Cresselia	Psychic		130	85	1585	120	70	120	75	130
547	489	Phione	Water		80	80	1280	80	80	80	80	80
548	490	Manaphy	Water		100	100	1600	100	100	100	100	100
549	491	Darkrai	Dark		90	125	1585	70	90	90	135	90
550	492	ShayminLand Forme	Grass		100	100	1600	100	100	100	100	100
551	492	ShayminSky Forme	Grass	Flying	75	127	1598	100	103	75	120	75
552	493	Arceus	Normal		120	120	1920	120	120	120	120	120
553	494	Victini	Psychic	Fire	100	100	1600	100	100	100	100	100
554	495	Snivy	Grass		55	63	806	45	45	55	45	55
555	496	Servine	Grass		75	83	1081	60	60	75	60	75
556	497	Serperior	Grass		95	113	1376	75	75	95	75	95
557	498	Tepig	Fire		45	45	834	65	63	45	45	45
558	499	Pignite	Fire	Fighting	55	55	1144	90	93	55	70	55
559	500	Emboar	Fire	Fighting	65	65	1454	110	123	65	100	65
560	501	Oshawott	Water		45	45	834	55	55	45	63	45
561	502	Dewott	Water		60	60	1119	75	75	60	83	60
562	503	Samurott	Water		70	70	1444	95	100	85	108	70
563	504	Patrat	Normal		39	42	684	45	55	39	35	39
564	505	Watchog	Normal		69	77	1114	60	85	69	60	69
565	506	Lillipup	Normal		45	55	725	45	60	45	25	45
566	507	Herdier	Normal		65	60	985	65	80	65	35	65
567	508	Stoutland	Normal		90	80	1330	85	110	90	45	90
568	509	Purrloin	Dark		37	66	740	41	50	37	50	37
569	510	Liepard	Dark		50	106	1182	64	88	50	88	50
570	511	Pansage	Grass		48	64	836	50	53	48	53	48
571	512	Simisage	Grass		63	101	1330	75	98	63	98	63
572	513	Pansear	Fire		48	64	836	50	53	48	53	48
573	514	Simisear	Fire		63	101	1330	75	98	63	98	63
574	515	Panpour	Water		48	64	836	50	53	48	53	48
575	516	Simipour	Water		63	101	1330	75	98	63	98	63
576	517	Munna	Psychic		55	24	797	76	25	45	67	55
577	518	Musharna	Psychic		95	29	1337	116	55	85	107	95
578	519	Pidove	Normal	Flying	30	43	719	50	55	50	36	30
579	520	Tranquill	Normal	Flying	42	65	967	62	77	62	50	42
580	521	Unfezant	Normal	Flying	55	93	1316	80	115	80	65	55
581	522	Blitzle	Electric		32	76	777	45	60	32	50	32
582	523	Zebstrika	Electric		63	116	1312	75	100	63	80	63
583	524	Roggenrola	Rock		25	15	800	55	75	85	25	25
584	525	Boldore	Rock		40	20	1110	70	105	105	50	40
585	526	Gigalith	Rock		80	25	1440	85	135	130	60	80
586	527	Woobat	Psychic	Flying	43	72	824	55	45	43	55	43
587	528	Swoobat	Psychic	Flying	55	114	1106	67	57	55	77	55
588	529	Drilbur	Ground		45	68	871	60	85	40	30	45
589	530	Excadrill	Ground	Steel	65	88	1371	110	135	60	50	65
590	531	Audino	Normal		86	50	1199	103	60	86	60	86
591	531	AudinoMega Audino	Normal	Fairy	126	50	1459	103	60	126	80	126
592	532	Timburr	Fighting		35	35	845	75	80	55	25	35
593	533	Gurdurr	Fighting		50	40	1125	85	105	85	40	50
594	534	Conkeldurr	Fighting		65	45	1405	105	140	95	55	65
595	535	Tympole	Water		40	64	778	50	50	40	50	40
596	536	Palpitoad	Water	Ground	55	69	1028	75	65	55	65	55
597	537	Seismitoad	Water	Ground	75	74	1378	105	95	75	85	75
598	538	Throh	Fighting		85	45	1265	120	100	85	30	85
599	539	Sawk	Fighting		75	85	1235	75	125	75	30	75
600	540	Sewaddle	Bug	Grass	60	42	828	45	53	70	40	60
601	541	Swadloon	Bug	Grass	80	42	1018	55	63	90	50	80
602	542	Leavanny	Bug	Grass	80	92	1328	75	103	80	70	80
603	543	Venipede	Bug	Poison	39	57	684	30	45	59	30	39
604	544	Whirlipede	Bug	Poison	79	47	954	40	55	99	40	79
605	545	Scolipede	Bug	Poison	69	112	1274	60	100	89	55	69
606	546	Cottonee	Grass	Fairy	50	66	724	40	27	60	37	50
607	547	Whimsicott	Grass	Fairy	75	116	1249	60	67	85	77	75
608	548	Petilil	Grass		50	30	760	45	35	50	70	50
609	549	Lilligant	Grass		75	90	1275	70	60	75	110	75
610	550	Basculin	Water		55	98	1227	70	92	65	80	55
611	551	Sandile	Ground	Dark	35	65	776	50	72	35	35	35
612	552	Krokorok	Ground	Dark	45	74	934	60	82	45	45	45
613	553	Krookodile	Ground	Dark	70	92	1395	95	117	80	65	70
614	554	Darumaka	Fire		45	50	850	70	90	45	15	45
615	555	DarmanitanStandard Mode	Fire		55	95	1290	105	140	55	30	55
616	555	DarmanitanZen Mode	Fire	Psychic	105	55	1460	105	30	105	140	105
617	556	Maractus	Grass		67	60	1256	75	86	67	106	67
618	557	Dwebble	Bug	Rock	35	55	885	50	65	85	35	35
619	558	Crustle	Bug	Rock	75	45	1305	70	95	125	65	75
620	559	Scraggy	Dark	Fighting	70	48	926	50	75	70	35	70
621	560	Scrafty	Dark	Fighting	115	58	1291	65	90	115	45	115
622	561	Sigilyph	Psychic	Flying	80	97	1293	72	58	80	103	80
623	562	Yamask	Ghost		65	30	814	38	30	85	55	65
624	563	Cofagrigus	Ghost		105	30	1314	58	50	145	95	105
625	564	Tirtouga	Water	Rock	45	22	998	54	78	103	53	45
626	565	Carracosta	Water	Rock	65	32	1388	74	108	133	83	65
627	566	Archen	Rock	Flying	45	70	1088	55	112	45	74	45
628	567	Archeops	Rock	Flying	65	110	1526	75	140	65	112	65
629	568	Trubbish	Poison		62	65	860	50	50	62	40	62
630	569	Garbodor	Poison		82	75	1265	80	95	82	60	82
631	570	Zorua	Dark		40	65	885	40	65	40	80	40
632	571	Zoroark	Dark		60	105	1365	60	105	60	120	60
633	572	Minccino	Normal		40	75	785	55	50	40	40	40
634	573	Cinccino	Normal		60	115	1235	75	95	60	65	60
635	574	Gothita	Psychic		65	45	760	45	30	50	55	65
636	575	Gothorita	Psychic		85	55	1030	60	45	70	75	85
637	576	Gothitelle	Psychic		110	65	1295	70	55	95	95	110
638	577	Solosis	Psychic		50	20	800	45	30	40	105	50
639	578	Duosion	Psychic		60	30	1020	65	40	50	125	60
640	579	Reuniclus	Psychic		85	30	1355	110	65	75	125	85
641	580	Ducklett	Water	Flying	50	55	810	62	44	50	44	50
642	581	Swanna	Water	Flying	63	98	1258	75	87	63	87	63
643	582	Vanillite	Ice		60	44	811	36	50	50	65	60
644	583	Vanillish	Ice		75	59	1051	51	65	65	80	75
645	584	Vanilluxe	Ice		95	79	1431	71	95	85	110	95
646	585	Deerling	Normal	Grass	50	75	880	60	60	50	40	50
647	586	Sawsbuck	Normal	Grass	70	95	1260	80	100	70	60	70
648	587	Emolga	Electric	Flying	60	103	1121	55	75	60	75	60
649	588	Karrablast	Bug		45	60	840	50	75	45	40	45
650	589	Escavalier	Bug	Steel	105	20	1360	70	135	105	60	105
651	590	Foongus	Grass	Poison	55	15	812	69	55	45	55	55
652	591	Amoonguss	Grass	Poison	80	30	1282	114	85	70	85	80
653	592	Frillish	Water	Ghost	85	40	880	55	40	50	65	85
654	593	Jellicent	Water	Ghost	105	60	1275	100	60	70	85	105
655	594	Alomomola	Water		45	65	1300	165	75	80	40	45
656	595	Joltik	Bug	Electric	50	65	842	50	47	50	57	50
657	596	Galvantula	Bug	Electric	60	108	1248	70	77	60	97	60
658	597	Ferroseed	Grass	Steel	86	10	819	44	50	91	24	86
659	598	Ferrothorn	Grass	Steel	116	20	1331	74	94	131	54	116
660	599	Klink	Steel		60	30	810	40	55	70	45	60
661	600	Klang	Steel		85	50	1185	60	80	95	70	85
662	601	Klinklang	Steel		85	90	1385	60	100	115	70	85
663	602	Tynamo	Electric		40	60	725	35	55	40	45	40
664	603	Eelektrik	Electric		70	40	1105	65	85	70	75	70
665	604	Eelektross	Electric		80	50	1415	85	115	80	105	80
666	605	Elgyem	Psychic		55	30	920	55	55	55	85	55
667	606	Beheeyem	Psychic		95	40	1320	75	75	75	125	95
668	607	Litwick	Ghost	Fire	55	20	750	50	30	55	65	55
669	608	Lampent	Ghost	Fire	60	55	995	60	40	60	95	60
670	609	Chandelure	Ghost	Fire	90	80	1390	60	55	90	145	90
671	610	Axew	Dragon		40	57	863	46	87	60	30	40
672	611	Fraxure	Dragon		50	67	1113	66	117	70	40	50
673	612	Haxorus	Dragon		70	97	1453	76	147	90	60	70
674	613	Cubchoo	Ice		40	40	835	55	70	40	60	40
675	614	Beartic	Ice		80	50	1325	95	110	80	70	80
676	615	Cryogonal	Ice		135	105	1215	70	50	30	95	135
677	616	Shelmet	Bug		65	25	825	50	40	85	40	65
678	617	Accelgor	Bug		60	145	1280	80	70	40	100	60
679	618	Stunfisk	Ground	Electric	99	32	1282	109	66	84	81	99
680	619	Mienfoo	Fighting		50	65	935	45	85	50	55	50
681	620	Mienshao	Fighting		60	105	1365	65	125	60	95	60
682	621	Druddigon	Dragon		90	48	1317	77	120	90	60	90
683	622	Golett	Ground	Ghost	50	35	824	59	74	50	35	50
684	623	Golurk	Ground	Ghost	80	55	1314	89	124	80	55	80
685	624	Pawniard	Dark	Steel	40	60	920	45	85	70	40	40
686	625	Bisharp	Dark	Steel	70	70	1330	65	125	100	60	70
687	626	Bouffalant	Normal		95	55	1320	95	110	95	40	95
688	627	Rufflet	Normal	Flying	50	60	940	70	83	50	37	50
689	628	Braviary	Normal	Flying	75	80	1375	100	123	75	57	75
690	629	Vullaby	Dark	Flying	65	60	985	70	55	75	45	65
691	630	Mandibuzz	Dark	Flying	95	80	1355	110	65	105	55	95
692	631	Heatmor	Fire		66	65	1321	85	97	66	105	66
693	632	Durant	Bug	Steel	48	109	1295	58	109	112	48	48
694	633	Deino	Dark	Dragon	50	38	812	52	65	50	45	50
695	634	Zweilous	Dark	Dragon	70	58	1132	72	85	70	65	70
696	635	Hydreigon	Dark	Dragon	90	98	1612	92	105	90	125	90
697	636	Larvesta	Bug	Fire	55	60	965	55	85	55	50	55
698	637	Volcarona	Bug	Fire	105	100	1445	85	60	65	135	105
699	638	Cobalion	Steel	Fighting	72	108	1560	91	90	129	90	72
700	639	Terrakion	Rock	Fighting	90	108	1542	91	129	90	72	90
701	640	Virizion	Grass	Fighting	129	108	1503	91	90	72	90	129
702	641	TornadusIncarnate Forme	Flying		80	111	1549	79	115	70	125	80
703	641	TornadusTherian Forme	Flying		90	121	1529	79	100	80	110	90
704	642	ThundurusIncarnate Forme	Electric	Flying	80	111	1549	79	115	70	125	80
705	642	ThundurusTherian Forme	Electric	Flying	80	101	1559	79	105	70	145	80
706	643	Reshiram	Dragon	Fire	120	90	1830	100	120	100	150	120
707	644	Zekrom	Dragon	Electric	100	90	1850	100	150	120	120	100
708	645	LandorusIncarnate Forme	Ground	Flying	80	101	1619	89	125	90	115	80
709	645	LandorusTherian Forme	Ground	Flying	80	91	1629	89	145	90	105	80
710	646	Kyurem	Dragon	Ice	90	95	1795	125	130	90	130	90
711	646	KyuremBlack Kyurem	Dragon	Ice	90	95	1915	125	170	100	120	90
712	646	KyuremWhite Kyurem	Dragon	Ice	100	95	1905	125	120	90	170	100
713	647	KeldeoOrdinary Forme	Water	Fighting	90	108	1542	91	72	90	129	90
714	647	KeldeoResolute Forme	Water	Fighting	90	108	1542	91	72	90	129	90
715	648	MeloettaAria Forme	Normal	Psychic	128	90	1582	100	77	77	128	128
716	648	MeloettaPirouette Forme	Normal	Fighting	77	128	1595	100	128	90	77	77
717	649	Genesect	Bug	Steel	95	99	1606	71	120	95	120	95
718	650	Chespin	Grass		45	38	856	56	61	65	48	45
719	651	Quilladin	Grass		58	57	1100	61	78	95	56	58
720	652	Chesnaught	Grass	Fighting	75	64	1451	88	107	122	74	75
721	653	Fennekin	Fire		60	60	801	40	45	40	62	60
722	654	Braixen	Fire		70	73	1084	59	59	58	90	70
723	655	Delphox	Fire	Psychic	100	104	1398	75	69	72	114	100
724	656	Froakie	Water		44	71	827	41	56	40	62	44
725	657	Frogadier	Water		56	97	1062	54	63	52	83	56
726	658	Greninja	Water	Dark	71	122	1397	72	95	67	103	71
727	659	Bunnelby	Normal		36	57	618	38	36	38	32	36
728	660	Diggersby	Normal	Ground	77	78	1114	85	56	77	50	77
729	661	Fletchling	Normal	Flying	38	62	734	45	50	43	40	38
730	662	Fletchinder	Fire	Flying	52	84	1010	62	73	55	56	52
731	663	Talonflame	Fire	Flying	69	126	1302	78	81	71	74	69
732	664	Scatterbug	Bug		25	35	540	38	35	40	27	25
733	665	Spewpa	Bug		30	29	580	45	22	60	27	30
734	666	Vivillon	Bug	Flying	50	89	1094	80	52	50	90	50
735	667	Litleo	Fire	Normal	54	72	981	62	50	58	73	54
736	668	Pyroar	Fire	Normal	66	106	1349	86	68	72	109	66
737	669	Flabébé	Fairy		79	42	788	44	38	39	61	79
738	670	Floette	Fairy		98	52	963	54	45	47	75	98
739	671	Florges	Fairy		154	75	1427	78	65	68	112	154
740	672	Skiddo	Grass		57	52	941	66	65	48	62	57
741	673	Gogoat	Grass		81	68	1444	123	100	62	97	81
742	674	Pancham	Fighting		48	43	953	67	82	62	46	48
743	675	Pangoro	Fighting	Dark	71	58	1356	95	124	78	69	71
744	676	Furfrou	Normal		90	102	1224	75	80	60	65	90
745	677	Espurr	Psychic		60	68	937	62	48	54	63	60
746	678	MeowsticMale	Psychic		81	104	1213	74	48	76	83	81
747	678	MeowsticFemale	Psychic		81	104	1213	74	48	76	83	81
748	679	Honedge	Steel	Ghost	37	28	910	45	80	100	35	37
749	680	Doublade	Steel	Ghost	49	35	1260	59	110	150	45	49
750	681	AegislashBlade Forme	Steel	Ghost	50	60	1450	60	150	50	150	50
751	681	AegislashShield Forme	Steel	Ghost	150	60	1350	60	50	150	50	150
752	682	Spritzee	Fairy		65	23	935	78	52	60	63	65
753	683	Aromatisse	Fairy		89	29	1268	101	72	72	99	89
754	684	Swirlix	Fairy		57	49	917	62	48	66	59	57
755	685	Slurpuff	Fairy		75	72	1293	82	80	86	85	75
756	686	Inkay	Dark	Psychic	46	45	773	53	54	53	37	46
757	687	Malamar	Dark	Psychic	75	73	1298	86	92	88	68	75
758	688	Binacle	Rock	Water	56	50	812	42	52	67	39	56
759	689	Barbaracle	Rock	Water	86	68	1346	72	105	115	54	86
760	690	Skrelp	Poison	Water	60	30	870	50	60	60	60	60
761	691	Dragalge	Poison	Dragon	123	44	1315	65	75	90	97	123
762	692	Clauncher	Water		63	44	883	50	53	62	58	63
763	693	Clawitzer	Water		89	59	1352	71	73	88	120	89
764	694	Helioptile	Electric	Normal	43	70	754	44	38	33	61	43
765	695	Heliolisk	Electric	Normal	94	109	1240	62	55	52	109	94
766	696	Tyrunt	Rock	Dragon	45	48	993	58	89	77	45	45
767	697	Tyrantrum	Rock	Dragon	59	71	1433	82	121	119	69	59
768	698	Amaura	Rock	Ice	63	46	977	77	59	50	67	63
769	699	Aurorus	Rock	Ice	92	58	1413	123	77	72	99	92
770	700	Sylveon	Fairy		130	60	1385	95	65	65	110	130
771	701	Hawlucha	Fighting	Flying	63	118	1319	78	92	75	74	63
772	702	Dedenne	Electric	Fairy	67	101	1125	67	58	57	81	67
773	703	Carbink	Rock	Fairy	150	50	1300	50	50	150	50	150
774	704	Goomy	Dragon		75	40	785	45	50	35	55	75
775	705	Sliggoo	Dragon		113	60	1183	68	75	53	83	113
776	706	Goodra	Dragon		150	80	1570	90	100	70	110	150
777	707	Klefki	Steel	Fairy	87	75	1248	57	80	91	80	87
778	708	Phantump	Ghost	Grass	60	38	829	43	70	48	50	60
779	709	Trevenant	Ghost	Grass	82	56	1284	85	110	76	65	82
780	710	PumpkabooAverage Size	Ghost	Grass	55	51	899	49	66	70	44	55
781	710	PumpkabooSmall Size	Ghost	Grass	55	56	894	44	66	70	44	55
782	710	PumpkabooLarge Size	Ghost	Grass	55	46	904	54	66	70	44	55
783	710	PumpkabooSuper Size	Ghost	Grass	55	41	909	59	66	70	44	55
784	711	GourgeistAverage Size	Ghost	Grass	75	84	1323	65	90	122	58	75
785	711	GourgeistSmall Size	Ghost	Grass	75	99	1308	55	85	122	58	75
786	711	GourgeistLarge Size	Ghost	Grass	75	69	1338	75	95	122	58	75
787	711	GourgeistSuper Size	Ghost	Grass	75	54	1353	85	100	122	58	75
788	712	Bergmite	Ice		35	28	849	55	69	85	32	35
789	713	Avalugg	Ice		46	28	1468	95	117	184	44	46
790	714	Noibat	Flying	Dragon	40	55	640	40	30	35	45	40
791	715	Noivern	Flying	Dragon	80	123	1402	85	70	80	97	80
792	716	Xerneas	Fairy		98	99	1843	126	131	95	131	98
793	717	Yveltal	Dark	Flying	98	99	1843	126	131	95	131	98
794	718	Zygarde50% Forme	Dragon	Ground	95	95	1610	108	100	121	81	95
795	719	Diancie	Rock	Fairy	150	50	1600	50	100	150	100	150
796	719	DiancieMega Diancie	Rock	Fairy	110	110	1880	50	160	110	160	110
797	720	HoopaHoopa Confined	Psychic	Ghost	130	70	1600	80	110	60	150	130
798	720	HoopaHoopa Unbound	Psychic	Dark	130	80	1830	80	160	60	170	130
799	721	Volcanion	Fire	Water	90	70	1640	80	110	120	130	90
